# LR rup_force class
1.160272906191777406e-09 1.627204231743772728e-10 3.000000000000000000e+00
1.134821672704191573e-09 1.600791682197261728e-10 3.000000000000000000e+00
3.956729657516826114e-09 4.797364608153455072e-10 1.000000000000000000e+00
1.024584761422283813e-09 1.689111315243780712e-10 2.000000000000000000e+00
1.055763803694952159e-09 1.520721133486324813e-10 3.000000000000000000e+00
3.770435525039025016e-09 4.540238698770812430e-10 1.000000000000000000e+00
9.712814102416604591e-10 1.624930015566931142e-10 2.000000000000000000e+00
6.594046367917070041e-10 1.236446436363679046e-10 2.000000000000000000e+00
4.037424339923651023e-09 4.912305382975012007e-10 1.000000000000000000e+00
8.417513335549160544e-10 1.466736229544152915e-10 2.000000000000000000e+00
1.252280792801907592e-09 1.722257074625087009e-10 3.000000000000000000e+00
4.140143468588351025e-09 5.061970361981291330e-10 1.000000000000000000e+00
1.028771300942917404e-09 1.492335096715863505e-10 3.000000000000000000e+00
8.119527718011236494e-10 1.429799468886667971e-10 2.000000000000000000e+00
1.110062348108275488e-09 1.575038818446607840e-10 3.000000000000000000e+00
1.091829221819710475e-09 1.769481620872399789e-10 2.000000000000000000e+00
8.768480172482466865e-10 1.509956993031984014e-10 2.000000000000000000e+00
7.366839137382204003e-10 1.335377086559498380e-10 2.000000000000000000e+00
1.424286571139819804e-09 1.898727069969723685e-10 3.000000000000000000e+00
4.042511663670038130e-09 4.919627880152506840e-10 1.000000000000000000e+00
4.093667148696972894e-09 4.993775004899038342e-10 1.000000000000000000e+00
4.047604131059098849e-09 4.926966991559633564e-10 1.000000000000000000e+00
1.092053166728895475e-09 1.769748249227409663e-10 2.000000000000000000e+00
6.937308986746457479e-10 1.280666419002745532e-10 2.000000000000000000e+00
1.148116529645495424e-09 1.833702504020118308e-10 2.000000000000000000e+00
3.887213603509331709e-09 4.700113946978042698e-10 1.000000000000000000e+00
4.260770149515868152e-09 5.242821138483818684e-10 1.000000000000000000e+00
4.150527339253077700e-09 5.077317158794709922e-10 1.000000000000000000e+00
4.093667148696972894e-09 4.993775004899038342e-10 1.000000000000000000e+00
4.400270335515552816e-09 5.459347790808691524e-10 1.000000000000000000e+00
9.592622557810839768e-10 1.610391719231965974e-10 2.000000000000000000e+00
3.971758870799025530e-09 4.818602249533998476e-10 1.000000000000000000e+00
1.026608702184931448e-09 1.691539071099616865e-10 2.000000000000000000e+00
1.102497323866635013e-09 1.779672531108049963e-10 2.000000000000000000e+00
3.838187608944555859e-09 4.632473845686157583e-10 1.000000000000000000e+00
1.172115324470880107e-09 1.862044324777284822e-10 2.000000000000000000e+00
5.510427639644377061e-10 1.093357679061262906e-10 2.000000000000000000e+00
7.231005034830727561e-10 1.318145671354943441e-10 2.000000000000000000e+00
1.143158950203020611e-09 1.827842012556308912e-10 2.000000000000000000e+00
4.007008624036994446e-09 4.868716503229731909e-10 1.000000000000000000e+00
8.442359907418620983e-10 1.469805230282223596e-10 2.000000000000000000e+00
1.051189605567263470e-09 1.720982206331857035e-10 2.000000000000000000e+00
4.083395094544570433e-09 4.978810222993204996e-10 1.000000000000000000e+00
1.263689546979488645e-09 1.734003554649946134e-10 3.000000000000000000e+00
6.517303986331943689e-10 1.226494266635253090e-10 2.000000000000000000e+00
9.061271264292680783e-10 1.362038052081032599e-10 3.000000000000000000e+00
4.202749013852608306e-09 5.155122704740109812e-10 1.000000000000000000e+00
8.513050774568059439e-10 1.478531224359978450e-10 2.000000000000000000e+00
3.741715773523733736e-09 4.501562951636536644e-10 1.000000000000000000e+00
4.124605637826896342e-09 5.039082064606593450e-10 1.000000000000000000e+00
4.244886624298182714e-09 5.218679810917914257e-10 1.000000000000000000e+00
9.367789553385872999e-10 1.583126720349446958e-10 2.000000000000000000e+00
4.171355666104468491e-09 5.108223743101355383e-10 1.000000000000000000e+00
1.144917934516437054e-09 1.611276282300373428e-10 3.000000000000000000e+00
3.760841119816775397e-09 4.527290755558964548e-10 1.000000000000000000e+00
4.062912356266494406e-09 4.949084515566013210e-10 1.000000000000000000e+00
4.068025359160820380e-09 4.956490589256580167e-10 1.000000000000000000e+00
3.906970843726713173e-09 4.727591532247985323e-10 1.000000000000000000e+00
3.605593082030764205e-09 4.321518501486428796e-10 1.000000000000000000e+00
8.095255056041717160e-10 1.426780933445678709e-10 2.000000000000000000e+00
1.207898565182125787e-09 1.676482777018114303e-10 3.000000000000000000e+00
4.160931418290460183e-09 5.092734806776202915e-10 1.000000000000000000e+00
1.106920703329512554e-09 1.784921640290875261e-10 2.000000000000000000e+00
8.934142627997326517e-10 1.530257965759420696e-10 2.000000000000000000e+00
1.213338739676321581e-09 1.682100754619539844e-10 3.000000000000000000e+00
3.951730319494871550e-09 4.790317030871253893e-10 1.000000000000000000e+00
3.902023682492701733e-09 4.720699263070105923e-10 1.000000000000000000e+00
8.590212927122030693e-10 1.488040521254288914e-10 2.000000000000000000e+00
8.377902559344951557e-10 1.461839023676764023e-10 2.000000000000000000e+00
4.062912356266494406e-09 4.949084515566013210e-10 1.000000000000000000e+00
4.202749013852608306e-09 5.155122704740109812e-10 1.000000000000000000e+00
1.074253492362590498e-09 1.540114337042833257e-10 3.000000000000000000e+00
4.052701738236542928e-09 4.934322767541606926e-10 1.000000000000000000e+00
1.080411385058877332e-09 1.755877585489260980e-10 2.000000000000000000e+00
8.843483164133409489e-10 1.519155857775210390e-10 2.000000000000000000e+00
4.218513266345803532e-09 5.178818042475925349e-10 1.000000000000000000e+00
9.534160284983326948e-10 1.603310776506793194e-10 2.000000000000000000e+00
4.037424339923651023e-09 4.912305382975012007e-10 1.000000000000000000e+00
4.001957409787951778e-09 4.861508911844139206e-10 1.000000000000000000e+00
1.378706775866301183e-09 1.852069668748593734e-10 3.000000000000000000e+00
1.056814923482610901e-09 1.727708909827555773e-10 2.000000000000000000e+00
9.800050926607234854e-10 1.635465620638933815e-10 2.000000000000000000e+00
3.698993472767725043e-09 4.444483052484653051e-10 1.000000000000000000e+00
4.119436506535588467e-09 5.031487589855966948e-10 1.000000000000000000e+00
4.057804481291712722e-09 4.941695258634481543e-10 1.000000000000000000e+00
8.189608088429565329e-10 1.438506992185180303e-10 2.000000000000000000e+00
1.093150464778295534e-09 1.559894603212091155e-10 3.000000000000000000e+00
1.093169437793160137e-09 1.771077188743787473e-10 2.000000000000000000e+00
4.012065007584797720e-09 4.875940361700037072e-10 1.000000000000000000e+00
1.053690849699504071e-09 1.723972914247414641e-10 2.000000000000000000e+00
1.108640417630327535e-09 1.786959882104001079e-10 2.000000000000000000e+00
4.088528568044991899e-09 4.986284076805889885e-10 1.000000000000000000e+00
4.042511663670038130e-09 4.919627880152506840e-10 1.000000000000000000e+00
1.133999902553743933e-09 1.817007467298767796e-10 2.000000000000000000e+00
1.229842205486190671e-09 1.699130986974871738e-10 3.000000000000000000e+00
1.240998864272409623e-09 1.710633457100188157e-10 3.000000000000000000e+00
1.072869512001173578e-09 1.746882108390440439e-10 2.000000000000000000e+00
4.145332875436407960e-09 5.069634931184400046e-10 1.000000000000000000e+00
1.085584465680326301e-09 1.762042326265221151e-10 2.000000000000000000e+00
3.926811761513467128e-09 4.755314304801039735e-10 1.000000000000000000e+00
1.129815139047466157e-09 1.595589048552984495e-10 3.000000000000000000e+00
3.460569209361542888e-09 4.135284405269526661e-10 1.000000000000000000e+00
1.181749052581614443e-09 1.873404231140921055e-10 2.000000000000000000e+00
8.594651230345598531e-10 1.488586973151386051e-10 2.000000000000000000e+00
1.004084744107254833e-09 1.664481029973902723e-10 2.000000000000000000e+00
4.218513266345803532e-09 5.178818042475925349e-10 1.000000000000000000e+00
4.062912356266494406e-09 4.949084515566013210e-10 1.000000000000000000e+00
4.207998771442083154e-09 5.163002807267685087e-10 1.000000000000000000e+00
4.073143485919408741e-09 4.963913530819985468e-10 1.000000000000000000e+00
4.213253524111591882e-09 5.170901234210616807e-10 1.000000000000000000e+00
3.862634966148091555e-09 4.666107368085054753e-10 1.000000000000000000e+00
4.335478116375686955e-09 5.357756331188924172e-10 1.000000000000000000e+00
4.271383863979237142e-09 5.259009776817009490e-10 1.000000000000000000e+00
3.582574801567939303e-09 4.291586860319606806e-10 1.000000000000000000e+00
1.124836108906897215e-09 1.590412621211920595e-10 3.000000000000000000e+00
3.770435525039025016e-09 4.540238698770812430e-10 1.000000000000000000e+00
9.367574726465876131e-10 1.583100627775376694e-10 2.000000000000000000e+00
3.961734197456648562e-09 4.804427972175530276e-10 1.000000000000000000e+00
1.083759653255222973e-09 1.759868084850893915e-10 2.000000000000000000e+00
4.166141023601668301e-09 5.100470336440791680e-10 1.000000000000000000e+00
9.010092581068827957e-10 1.539545258736730391e-10 2.000000000000000000e+00
4.166141023601668301e-09 5.100470336440791680e-10 1.000000000000000000e+00
1.292776672427971770e-09 1.763918810106675195e-10 3.000000000000000000e+00
2.728934486855687089e-09 3.269531284367837159e-10 1.000000000000000000e+00
1.124836108906897215e-09 1.590412621211920595e-10 3.000000000000000000e+00
8.442359907418620983e-10 1.469805230282223596e-10 2.000000000000000000e+00
3.818724419989628463e-09 4.605831968091822327e-10 1.000000000000000000e+00
4.181800042293389625e-09 5.123784408322888890e-10 1.000000000000000000e+00
8.761055744584825132e-10 1.509045863286555446e-10 2.000000000000000000e+00
4.083395094544570433e-09 4.978810222993204996e-10 1.000000000000000000e+00
7.998427766792576619e-10 1.414720807315126663e-10 2.000000000000000000e+00
1.202488568323777312e-09 1.670893843622338881e-10 3.000000000000000000e+00
1.119884412610192684e-09 1.585262223576903429e-10 3.000000000000000000e+00
1.031570032424013406e-09 1.697489447241597325e-10 2.000000000000000000e+00
1.155126272863343439e-09 1.621867864579361863e-10 3.000000000000000000e+00
4.032342163648389963e-09 4.904999449871904619e-10 1.000000000000000000e+00
4.047604131059098849e-09 4.926966991559633564e-10 1.000000000000000000e+00
4.218513266345803532e-09 5.178818042475925349e-10 1.000000000000000000e+00
4.150527339253077700e-09 5.077317158794709922e-10 1.000000000000000000e+00
1.144917934516437054e-09 1.611276282300373428e-10 3.000000000000000000e+00
1.075583900681343215e-09 1.750119840257247289e-10 2.000000000000000000e+00
4.124605637826896342e-09 5.039082064606593450e-10 1.000000000000000000e+00
9.168965565831499345e-10 1.558934615430786766e-10 2.000000000000000000e+00
1.322691460249731617e-09 1.794641089850269519e-10 3.000000000000000000e+00
3.546021685807810196e-09 4.244349013358521375e-10 1.000000000000000000e+00
1.385108168359208366e-09 1.858625759797572158e-10 3.000000000000000000e+00
8.300297198376318600e-10 1.452234194011801994e-10 2.000000000000000000e+00
4.114272455790628718e-09 5.023910504953307257e-10 1.000000000000000000e+00
6.298622850471497901e-10 1.197995964472105084e-10 2.000000000000000000e+00
4.276698112348325624e-09 5.267132599466476559e-10 1.000000000000000000e+00
4.098810832176200119e-09 5.001283059367096717e-10 1.000000000000000000e+00
8.231968432793300311e-10 1.443764455067644276e-10 2.000000000000000000e+00
3.342423350790486008e-09 3.987496770382566708e-10 1.000000000000000000e+00
4.207998771442083154e-09 5.163002807267685087e-10 1.000000000000000000e+00
4.037424339923651023e-09 4.912305382975012007e-10 1.000000000000000000e+00
1.055763803694952159e-09 1.520721133486324813e-10 3.000000000000000000e+00
1.116651547414199019e-09 1.796460139257647350e-10 2.000000000000000000e+00
4.250176185194080729e-09 5.226708114618234657e-10 1.000000000000000000e+00
3.736947665898405252e-09 4.495165781971288153e-10 1.000000000000000000e+00
3.541476438609355037e-09 4.238500034808022697e-10 1.000000000000000000e+00
6.751217819441478331e-10 1.256751615186375823e-10 2.000000000000000000e+00
1.292776672427971770e-09 1.763918810106675195e-10 3.000000000000000000e+00
4.027265138572783142e-09 4.897710030877089553e-10 1.000000000000000000e+00
4.181800042293389625e-09 5.123784408322888890e-10 1.000000000000000000e+00
4.042511663670038130e-09 4.919627880152506840e-10 1.000000000000000000e+00
4.250176185194080729e-09 5.226708114618234657e-10 1.000000000000000000e+00
1.256709412176678585e-09 1.961534436931123869e-10 2.000000000000000000e+00
3.661378569362664850e-09 4.394665464542898076e-10 1.000000000000000000e+00
4.098810832176200119e-09 5.001283059367096717e-10 1.000000000000000000e+00
1.139855880599723399e-09 1.606020700242105289e-10 3.000000000000000000e+00
1.229842205486190671e-09 1.699130986974871738e-10 3.000000000000000000e+00
4.093667148696972894e-09 4.993775004899038342e-10 1.000000000000000000e+00
3.694273046531362903e-09 4.438208948908000406e-10 1.000000000000000000e+00
4.047604131059098849e-09 4.926966991559633564e-10 1.000000000000000000e+00
1.096356053972660115e-09 1.774871939991204693e-10 2.000000000000000000e+00
1.122312707549037479e-09 1.803172225865365467e-10 2.000000000000000000e+00
4.266074540998710464e-09 5.250905976288319510e-10 1.000000000000000000e+00
9.565233957281501858e-10 1.607075928283023335e-10 2.000000000000000000e+00
3.921843696430683515e-09 4.748360465938585952e-10 1.000000000000000000e+00
1.155126272863343439e-09 1.621867864579361863e-10 3.000000000000000000e+00
1.083153998566714747e-09 1.759146363332089566e-10 2.000000000000000000e+00
3.638041706974530195e-09 4.363960069996068199e-10 1.000000000000000000e+00
3.741715773523733736e-09 4.501562951636536644e-10 1.000000000000000000e+00
1.191758364768048923e-09 1.659802307999336146e-10 3.000000000000000000e+00
4.223777992553869691e-09 5.186753289191726127e-10 1.000000000000000000e+00
1.263689546979488645e-09 1.734003554649946134e-10 3.000000000000000000e+00
4.129779845049191411e-09 5.046693982506415179e-10 1.000000000000000000e+00
6.641129944289960841e-10 1.095565434459703775e-10 3.000000000000000000e+00
4.012065007584797720e-09 4.875940361700037072e-10 1.000000000000000000e+00
7.392063580018646754e-10 1.338570621629225410e-10 2.000000000000000000e+00
9.200750292883960394e-10 1.562806599374851227e-10 2.000000000000000000e+00
4.192264505578623867e-09 5.139417246402020941e-10 1.000000000000000000e+00
3.684848101987711665e-09 4.425701138175371443e-10 1.000000000000000000e+00
4.140143468588351025e-09 5.061970361981291330e-10 1.000000000000000000e+00
4.213253524111591882e-09 5.170901234210616807e-10 1.000000000000000000e+00
1.148027750047560736e-09 1.833597669088889008e-10 2.000000000000000000e+00
1.202488568323777312e-09 1.670893843622338881e-10 3.000000000000000000e+00
4.292670347830521905e-09 5.291615797603061863e-10 1.000000000000000000e+00
1.100347609062317708e-09 1.564917449817665998e-10 3.000000000000000000e+00
4.176575340718175980e-09 5.115995081932762009e-10 1.000000000000000000e+00
1.024065419726615597e-09 1.688488256488957166e-10 2.000000000000000000e+00
4.103959614136863504e-09 5.008808292503362477e-10 1.000000000000000000e+00
4.197504256755592067e-09 5.147260869940844815e-10 1.000000000000000000e+00
8.067638050839042452e-10 1.423343235768843499e-10 2.000000000000000000e+00
1.035009652907288202e-09 1.701611452950165687e-10 2.000000000000000000e+00
1.224310371047769910e-09 1.693424654390079136e-10 3.000000000000000000e+00
1.257969218719843692e-09 1.728114848449002940e-10 3.000000000000000000e+00
4.017126556908123922e-09 4.883180536288312391e-10 1.000000000000000000e+00
4.068025359160820380e-09 4.956490589256580167e-10 1.000000000000000000e+00
1.252280792801907592e-09 1.722257074625087009e-10 3.000000000000000000e+00
1.107855773687873623e-09 1.786029948275641065e-10 2.000000000000000000e+00
4.129779845049191411e-09 5.046693982506415179e-10 1.000000000000000000e+00
1.002640495094894156e-09 1.464764656511850022e-10 3.000000000000000000e+00
9.185977586051274646e-10 1.561007257328283668e-10 2.000000000000000000e+00
4.124605637826896342e-09 5.039082064606593450e-10 1.000000000000000000e+00
3.833313914400972383e-09 4.625791427337391913e-10 1.000000000000000000e+00
3.722675110809655285e-09 4.476057106991089988e-10 1.000000000000000000e+00
1.119884412610192684e-09 1.585262223576903429e-10 3.000000000000000000e+00
8.450028620793964020e-10 1.470753513800952388e-10 2.000000000000000000e+00
1.105354854327199548e-09 1.783065462028998424e-10 2.000000000000000000e+00
6.076220531061830883e-10 1.168788299516953126e-10 2.000000000000000000e+00
4.176575340718175980e-09 5.115995081932762009e-10 1.000000000000000000e+00
3.756051848303516919e-09 4.520837855138295119e-10 1.000000000000000000e+00
1.107853227154029858e-09 1.786026930091338894e-10 2.000000000000000000e+00
3.809024433244602129e-09 4.592598398054944087e-10 1.000000000000000000e+00
1.112460101537709872e-09 1.791490703283718228e-10 2.000000000000000000e+00
4.083395094544570433e-09 4.978810222993204996e-10 1.000000000000000000e+00
1.075571204249096948e-09 1.750104698106313177e-10 2.000000000000000000e+00
4.012065007584797720e-09 4.875940361700037072e-10 1.000000000000000000e+00
4.255470695582742417e-09 5.234755204238579281e-10 1.000000000000000000e+00
1.052238629316345745e-09 1.722236616085929281e-10 2.000000000000000000e+00
4.314035236751421456e-09 5.324530015860257478e-10 1.000000000000000000e+00
3.527872545520788988e-09 4.221026604492793554e-10 1.000000000000000000e+00
1.252280792801907592e-09 1.722257074625087009e-10 3.000000000000000000e+00
4.109113490156259924e-09 5.016350756800868254e-10 1.000000000000000000e+00
1.148437765462929239e-09 1.834081826964741468e-10 2.000000000000000000e+00
8.659832220500795855e-10 1.496608199361891017e-10 2.000000000000000000e+00
1.182648972053162998e-09 1.874463963502840253e-10 2.000000000000000000e+00
4.181800042293389625e-09 5.123784408322888890e-10 1.000000000000000000e+00
3.465018992900182849e-09 4.140917615820853850e-10 1.000000000000000000e+00
1.080129012723811672e-09 1.755540987081550135e-10 2.000000000000000000e+00
9.823259173579599776e-10 1.638265862490317690e-10 2.000000000000000000e+00
9.213689846408052158e-10 1.378364908469753698e-10 3.000000000000000000e+00
4.042511663670038130e-09 4.919627880152506840e-10 1.000000000000000000e+00
4.250176185194080729e-09 5.226708114618234657e-10 1.000000000000000000e+00
4.276698112348325624e-09 5.267132599466476559e-10 1.000000000000000000e+00
1.148861276442448816e-09 1.834581902801659517e-10 2.000000000000000000e+00
4.171355666104468491e-09 5.108223743101355383e-10 1.000000000000000000e+00
4.276698112348325624e-09 5.267132599466476559e-10 1.000000000000000000e+00
1.154633888291847977e-09 1.841406681997527390e-10 2.000000000000000000e+00
9.277956034275666785e-10 1.572204804316294806e-10 2.000000000000000000e+00
3.921843696430683515e-09 4.748360465938585952e-10 1.000000000000000000e+00
1.129970734872001290e-09 1.812237857750422581e-10 2.000000000000000000e+00
4.176575340718175980e-09 5.115995081932762009e-10 1.000000000000000000e+00
4.292670347830521905e-09 5.291615797603061863e-10 1.000000000000000000e+00
3.921843696430683515e-09 4.748360465938585952e-10 1.000000000000000000e+00
1.062855135999158212e-09 1.734926866274067491e-10 2.000000000000000000e+00
1.046625258241465212e-09 1.715522445283136862e-10 2.000000000000000000e+00
1.052895880413845288e-09 1.723022471902718071e-10 2.000000000000000000e+00
1.100652115193126956e-09 1.777479398079564563e-10 2.000000000000000000e+00
8.552397973662410830e-10 1.307204998625398429e-10 3.000000000000000000e+00
3.727427333461828740e-09 4.482412899467117352e-10 1.000000000000000000e+00
3.971758870799025530e-09 4.818602249533998476e-10 1.000000000000000000e+00
4.145332875436407960e-09 5.069634931184400046e-10 1.000000000000000000e+00
1.119884412610192684e-09 1.585262223576903429e-10 3.000000000000000000e+00
3.799345537299485361e-09 4.579422621252362800e-10 1.000000000000000000e+00
4.083395094544570433e-09 4.978810222993204996e-10 1.000000000000000000e+00
4.145332875436407960e-09 5.069634931184400046e-10 1.000000000000000000e+00
9.708412589433108453e-10 1.624398177284031769e-10 2.000000000000000000e+00
4.017126556908123922e-09 4.883180536288312391e-10 1.000000000000000000e+00
4.037424339923651023e-09 4.912305382975012007e-10 1.000000000000000000e+00
3.981804314562925966e-09 4.832840242908276112e-10 1.000000000000000000e+00
1.304641837158643573e-09 1.776109260969598359e-10 3.000000000000000000e+00
1.081391053022429914e-09 1.757045308745884942e-10 2.000000000000000000e+00
8.492230323159009300e-10 1.475961879457731501e-10 2.000000000000000000e+00
4.192264505578623867e-09 5.139417246402020941e-10 1.000000000000000000e+00
3.926811761513467128e-09 4.755314304801039735e-10 1.000000000000000000e+00
1.071277613203089572e-09 1.744982845362439332e-10 2.000000000000000000e+00
1.064958363247888843e-09 1.530369990623514546e-10 3.000000000000000000e+00
1.063153251665644999e-09 1.735282895626758163e-10 2.000000000000000000e+00
1.269441974958184491e-09 1.739923412379625293e-10 3.000000000000000000e+00
9.083300472712574291e-10 1.548487203082488017e-10 2.000000000000000000e+00
4.218513266345803532e-09 5.178818042475925349e-10 1.000000000000000000e+00
9.448464566832051439e-10 1.403433334399604963e-10 3.000000000000000000e+00
4.314035236751421456e-09 5.324530015860257478e-10 1.000000000000000000e+00
3.487347387539043083e-09 4.169259906029891793e-10 1.000000000000000000e+00
1.074110761327643081e-09 1.748362791964419454e-10 2.000000000000000000e+00
4.166141023601668301e-09 5.100470336440791680e-10 1.000000000000000000e+00
1.341048333177309757e-09 1.813474013115229313e-10 3.000000000000000000e+00
1.126537005202144864e-09 1.808176012626969304e-10 2.000000000000000000e+00
4.223777992553869691e-09 5.186753289191726127e-10 1.000000000000000000e+00
4.140143468588351025e-09 5.061970361981291330e-10 1.000000000000000000e+00
9.721117924490160395e-10 1.625933280970235678e-10 2.000000000000000000e+00
9.856832105417746412e-10 1.446822043638705644e-10 3.000000000000000000e+00
4.276698112348325624e-09 5.267132599466476559e-10 1.000000000000000000e+00
4.047604131059098849e-09 4.926966991559633564e-10 1.000000000000000000e+00
3.961734197456648562e-09 4.804427972175530276e-10 1.000000000000000000e+00
1.060892386076157654e-09 1.732580739458952706e-10 2.000000000000000000e+00
4.073143485919408741e-09 4.963913530819985468e-10 1.000000000000000000e+00
4.088528568044991899e-09 4.986284076805889885e-10 1.000000000000000000e+00
4.717459790317434549e-10 9.844095133529952031e-11 2.000000000000000000e+00
9.871596160428753734e-10 1.644096794043732715e-10 2.000000000000000000e+00
1.079681856887285184e-09 1.755007940031869404e-10 2.000000000000000000e+00
1.170651981480645248e-09 1.637959047297507886e-10 3.000000000000000000e+00
1.366011995300601173e-09 1.839064356065388744e-10 3.000000000000000000e+00
1.138676901741515958e-09 1.822541020114210316e-10 2.000000000000000000e+00
4.047604131059098849e-09 4.926966991559633564e-10 1.000000000000000000e+00
1.263689546979488645e-09 1.734003554649946134e-10 3.000000000000000000e+00
1.235404972686739401e-09 1.704867184634038236e-10 3.000000000000000000e+00
4.255470695582742417e-09 5.234755204238579281e-10 1.000000000000000000e+00
4.140143468588351025e-09 5.061970361981291330e-10 1.000000000000000000e+00
2.507697587903479875e-09 3.025480947012379212e-10 1.000000000000000000e+00
1.150715230628570807e-09 1.836775974336290748e-10 2.000000000000000000e+00
9.856832105417746412e-10 1.446822043638705644e-10 3.000000000000000000e+00
3.976778997968952805e-09 4.825713257860396762e-10 1.000000000000000000e+00
3.789687745557261813e-09 4.566304301316437333e-10 1.000000000000000000e+00
1.093328661494802856e-09 1.771266734971721237e-10 2.000000000000000000e+00
3.971758870799025530e-09 4.818602249533998476e-10 1.000000000000000000e+00
3.064038967362774769e-09 3.654087668196105722e-10 1.000000000000000000e+00
1.186437789491409415e-09 1.654299309360602665e-10 3.000000000000000000e+00
3.936763546665475155e-09 4.769268549804201971e-10 1.000000000000000000e+00
1.106061347152094927e-09 1.783902983636340206e-10 2.000000000000000000e+00
1.170651981480645248e-09 1.637959047297507886e-10 3.000000000000000000e+00
1.064302310186143853e-09 1.736655066697830152e-10 2.000000000000000000e+00
4.057804481291712722e-09 4.941695258634481543e-10 1.000000000000000000e+00
1.292776672427971770e-09 1.763918810106675195e-10 3.000000000000000000e+00
4.308686686454715761e-09 5.316272355572050331e-10 1.000000000000000000e+00
1.028771300942917404e-09 1.492335096715863505e-10 3.000000000000000000e+00
4.319388661540705097e-09 5.332807181913333446e-10 1.000000000000000000e+00
8.069846295432377792e-10 1.423618085656330273e-10 2.000000000000000000e+00
3.818724419989628463e-09 4.605831968091822327e-10 1.000000000000000000e+00
3.633390259973196373e-09 4.357858211736580778e-10 1.000000000000000000e+00
1.304641837158643573e-09 1.776109260969598359e-10 3.000000000000000000e+00
4.155726855178426819e-09 5.085017099144751277e-10 1.000000000000000000e+00
4.176575340718175980e-09 5.115995081932762009e-10 1.000000000000000000e+00
3.857734983616912504e-09 4.659350994670489119e-10 1.000000000000000000e+00
4.181800042293389625e-09 5.123784408322888890e-10 1.000000000000000000e+00
1.269441974958184491e-09 1.739923412379625293e-10 3.000000000000000000e+00
9.353495028719850734e-10 1.581390333729069661e-10 2.000000000000000000e+00
1.246624073008219642e-09 1.716430015950275222e-10 3.000000000000000000e+00
1.009465390473902080e-09 1.670952373058397760e-10 2.000000000000000000e+00
1.033849526868041991e-09 1.700221362001604829e-10 2.000000000000000000e+00
6.847693301809641818e-10 1.118969310890881550e-10 3.000000000000000000e+00
4.057804481291712722e-09 4.941695258634481543e-10 1.000000000000000000e+00
9.061271264292680783e-10 1.362038052081032599e-10 3.000000000000000000e+00
4.114272455790628718e-09 5.023910504953307257e-10 1.000000000000000000e+00
7.260419032241629742e-10 1.321882781695489541e-10 2.000000000000000000e+00
3.732184852182505422e-09 4.488782444544942319e-10 1.000000000000000000e+00
4.378596116933832383e-09 5.425161162005208958e-10 1.000000000000000000e+00
1.105191645783278801e-09 1.569965465122571178e-10 3.000000000000000000e+00
8.868321725782092414e-10 1.522198975663954882e-10 2.000000000000000000e+00
7.270070061375597181e-10 1.323107937038325435e-10 2.000000000000000000e+00
9.933563345591893310e-10 1.651565822687826782e-10 2.000000000000000000e+00
3.780051070766696339e-09 4.553243104323158701e-10 1.000000000000000000e+00
1.111312288433708103e-09 1.790130833776912236e-10 2.000000000000000000e+00
4.119436506535588467e-09 5.031487589855966948e-10 1.000000000000000000e+00
1.123527264202046019e-09 1.804609664792627261e-10 2.000000000000000000e+00
1.175884778816881368e-09 1.643377872151503431e-10 3.000000000000000000e+00
1.037127509424082310e-09 1.704148618041016184e-10 2.000000000000000000e+00
4.088528568044991899e-09 4.986284076805889885e-10 1.000000000000000000e+00
1.005770334685815374e-09 1.666508264955437549e-10 2.000000000000000000e+00
1.024312710875933012e-09 1.688784938858213770e-10 2.000000000000000000e+00
3.961734197456648562e-09 4.804427972175530276e-10 1.000000000000000000e+00
3.794514002591224326e-09 4.572856300103333496e-10 1.000000000000000000e+00
4.303343017216123194e-09 5.308034139759215331e-10 1.000000000000000000e+00
3.624103294174485559e-09 4.345693419080651561e-10 1.000000000000000000e+00
1.202488568323777312e-09 1.670893843622338881e-10 3.000000000000000000e+00
8.973252578083675144e-10 1.535042655527255618e-10 2.000000000000000000e+00
4.068025359160820380e-09 4.956490589256580167e-10 1.000000000000000000e+00
4.017126556908123922e-09 4.883180536288312391e-10 1.000000000000000000e+00
3.887213603509331709e-09 4.700113946978042698e-10 1.000000000000000000e+00
4.223777992553869691e-09 5.186753289191726127e-10 1.000000000000000000e+00
3.981804314562925966e-09 4.832840242908276112e-10 1.000000000000000000e+00
4.124605637826896342e-09 5.039082064606593450e-10 1.000000000000000000e+00
8.314720798983104328e-10 1.454020248644358341e-10 2.000000000000000000e+00
3.852840254531151654e-09 4.652609499337260794e-10 1.000000000000000000e+00
4.037424339923651023e-09 4.912305382975012007e-10 1.000000000000000000e+00
1.102966901920273541e-09 1.780229362430891352e-10 2.000000000000000000e+00
4.697895332971295792e-10 9.816658314280546307e-11 2.000000000000000000e+00
4.103959614136863504e-09 5.008808292503362477e-10 1.000000000000000000e+00
3.717928185232278398e-09 4.469715027513285736e-10 1.000000000000000000e+00
3.756051848303516919e-09 4.520837855138295119e-10 1.000000000000000000e+00
3.794514002591224326e-09 4.572856300103333496e-10 1.000000000000000000e+00
1.046668581858295313e-09 1.511166515368035660e-10 3.000000000000000000e+00
3.941747261130176205e-09 4.776269048487776318e-10 1.000000000000000000e+00
8.223024881430628337e-10 1.442655120340979395e-10 2.000000000000000000e+00
4.083395094544570433e-09 4.978810222993204996e-10 1.000000000000000000e+00
4.314035236751421456e-09 5.324530015860257478e-10 1.000000000000000000e+00
1.083650438477889623e-09 1.549955443810412605e-10 3.000000000000000000e+00
4.166141023601668301e-09 5.100470336440791680e-10 1.000000000000000000e+00
3.921843696430683515e-09 4.748360465938585952e-10 1.000000000000000000e+00
1.034143399245525623e-09 1.700573505405982418e-10 2.000000000000000000e+00
9.110820773583546483e-10 1.551844647841565635e-10 2.000000000000000000e+00
8.572296657604330337e-10 1.485834158867582503e-10 2.000000000000000000e+00
3.882287386964451875e-09 4.693282522086784579e-10 1.000000000000000000e+00
3.746489173917991614e-09 4.507973993575426558e-10 1.000000000000000000e+00
9.369373317195647395e-10 1.394998812390768189e-10 3.000000000000000000e+00
1.110062348108275488e-09 1.575038818446607840e-10 3.000000000000000000e+00
3.971758870799025530e-09 4.818602249533998476e-10 1.000000000000000000e+00
1.184733805289841393e-09 1.876918752890907869e-10 2.000000000000000000e+00
3.670750465700776526e-09 4.407039835909524791e-10 1.000000000000000000e+00
1.054733060134366929e-09 1.725220594029449267e-10 2.000000000000000000e+00
1.286893848467835971e-09 1.757872115546935349e-10 3.000000000000000000e+00
4.068025359160820380e-09 4.956490589256580167e-10 1.000000000000000000e+00
9.860066115330613764e-10 1.642706659803220988e-10 2.000000000000000000e+00
4.103959614136863504e-09 5.008808292503362477e-10 1.000000000000000000e+00
1.112929569933673504e-09 1.792046861468602983e-10 2.000000000000000000e+00
3.286907782729431128e-09 3.919195092219714583e-10 1.000000000000000000e+00
1.189173985893936164e-09 1.882150996411981947e-10 2.000000000000000000e+00
4.303343017216123194e-09 5.308034139759215331e-10 1.000000000000000000e+00
6.069113861171332595e-10 1.167851288668013716e-10 2.000000000000000000e+00
4.202749013852608306e-09 5.155122704740109812e-10 1.000000000000000000e+00
1.134993790279208979e-09 1.818182494873682149e-10 2.000000000000000000e+00
3.872450682894568763e-09 4.679664924739949168e-10 1.000000000000000000e+00
4.250176185194080729e-09 5.226708114618234657e-10 1.000000000000000000e+00
4.160931418290460183e-09 5.092734806776202915e-10 1.000000000000000000e+00
4.032342163648389963e-09 4.904999449871904619e-10 1.000000000000000000e+00
4.244886624298182714e-09 5.218679810917914257e-10 1.000000000000000000e+00
4.187029765660109829e-09 5.131591777873675292e-10 1.000000000000000000e+00
3.941747261130176205e-09 4.776269048487776318e-10 1.000000000000000000e+00
3.921843696430683515e-09 4.748360465938585952e-10 1.000000000000000000e+00
4.037424339923651023e-09 4.912305382975012007e-10 1.000000000000000000e+00
1.292776672427971770e-09 1.763918810106675195e-10 3.000000000000000000e+00
9.061271264292680783e-10 1.362038052081032599e-10 3.000000000000000000e+00
4.207998771442083154e-09 5.163002807267685087e-10 1.000000000000000000e+00
4.155726855178426819e-09 5.085017099144751277e-10 1.000000000000000000e+00
1.304641837158643573e-09 1.776109260969598359e-10 3.000000000000000000e+00
4.282017279921177077e-09 5.275274503866025576e-10 1.000000000000000000e+00
1.083650438477889623e-09 1.549955443810412605e-10 3.000000000000000000e+00
9.128581762938708752e-10 1.554010635749254490e-10 2.000000000000000000e+00
9.313247451600805297e-10 1.576497715120697222e-10 2.000000000000000000e+00
3.897081753710067679e-09 4.713822272550625422e-10 1.000000000000000000e+00
1.094710732831425776e-09 1.772911879302917611e-10 2.000000000000000000e+00
3.976778997968952805e-09 4.825713257860396762e-10 1.000000000000000000e+00
3.877366412650616474e-09 4.686466196176138082e-10 1.000000000000000000e+00
1.224310371047769910e-09 1.693424654390079136e-10 3.000000000000000000e+00
3.877366412650616474e-09 4.686466196176138082e-10 1.000000000000000000e+00
7.579001174296017548e-10 1.200701178353695084e-10 3.000000000000000000e+00
4.335478116375686955e-09 5.357756331188924172e-10 1.000000000000000000e+00
3.727427333461828740e-09 4.482412899467117352e-10 1.000000000000000000e+00
4.192264505578623867e-09 5.139417246402020941e-10 1.000000000000000000e+00
4.073143485919408741e-09 4.963913530819985468e-10 1.000000000000000000e+00
3.689557922680786966e-09 4.431948323677985642e-10 1.000000000000000000e+00
4.292670347830521905e-09 5.291615797603061863e-10 1.000000000000000000e+00
4.088528568044991899e-09 4.986284076805889885e-10 1.000000000000000000e+00
3.270004300754295045e-09 3.898537918472552270e-10 1.000000000000000000e+00
1.048908004609262786e-09 1.718253371974539375e-10 2.000000000000000000e+00
8.485174055489513847e-10 1.475091328779646743e-10 2.000000000000000000e+00
3.312420133360309552e-09 3.950495377772122146e-10 1.000000000000000000e+00
4.298004235514730291e-09 5.299815307372739958e-10 1.000000000000000000e+00
1.083650438477889623e-09 1.549955443810412605e-10 3.000000000000000000e+00
7.559800750967187469e-10 1.359749615764568546e-10 2.000000000000000000e+00
3.541476438609355037e-09 4.238500034808022697e-10 1.000000000000000000e+00
3.996911368315606852e-09 4.854317538694055154e-10 1.000000000000000000e+00
1.097862203787308524e-09 1.774169939056454490e-10 2.000000000000000000e+00
3.921843696430683515e-09 4.748360465938585952e-10 1.000000000000000000e+00
9.609197607982598893e-10 1.420542508170014064e-10 3.000000000000000000e+00
4.176575340718175980e-09 5.115995081932762009e-10 1.000000000000000000e+00
3.818724419989628463e-09 4.605831968091822327e-10 1.000000000000000000e+00
1.046668581858295313e-09 1.511166515368035660e-10 3.000000000000000000e+00
3.926811761513467128e-09 4.755314304801039735e-10 1.000000000000000000e+00
3.809024433244602129e-09 4.592598398054944087e-10 1.000000000000000000e+00
4.032342163648389963e-09 4.904999449871904619e-10 1.000000000000000000e+00
1.347236553085384852e-09 1.819819697266046465e-10 3.000000000000000000e+00
1.134993790279208979e-09 1.818182494873682149e-10 2.000000000000000000e+00
8.739225889520479589e-10 1.506364739092889730e-10 2.000000000000000000e+00
1.246624073008219642e-09 1.716430015950275222e-10 3.000000000000000000e+00
8.917459694021890071e-10 1.528216602233414769e-10 2.000000000000000000e+00
1.027589414210305501e-09 1.692715235260487233e-10 2.000000000000000000e+00
1.013841236431283132e-09 1.676210538456235275e-10 2.000000000000000000e+00
3.981804314562925966e-09 4.832840242908276112e-10 1.000000000000000000e+00
6.298906942849277731e-10 1.198033118996459714e-10 2.000000000000000000e+00
4.176575340718175980e-09 5.115995081932762009e-10 1.000000000000000000e+00
9.331910454849955999e-10 1.578766123735056872e-10 2.000000000000000000e+00
7.302693535699508457e-10 1.327248130255854859e-10 2.000000000000000000e+00
1.229842205486190671e-09 1.699130986974871738e-10 3.000000000000000000e+00
3.847950781015380223e-09 4.645882838391368032e-10 1.000000000000000000e+00
4.171355666104468491e-09 5.108223743101355383e-10 1.000000000000000000e+00
4.303343017216123194e-09 5.308034139759215331e-10 1.000000000000000000e+00
4.027265138572783142e-09 4.897710030877089553e-10 1.000000000000000000e+00
4.176575340718175980e-09 5.115995081932762009e-10 1.000000000000000000e+00
4.042511663670038130e-09 4.919627880152506840e-10 1.000000000000000000e+00
1.102003423305830683e-09 1.779086829630320626e-10 2.000000000000000000e+00
4.223777992553869691e-09 5.186753289191726127e-10 1.000000000000000000e+00
3.872450682894568763e-09 4.679664924739949168e-10 1.000000000000000000e+00
4.093667148696972894e-09 4.993775004899038342e-10 1.000000000000000000e+00
1.102666405023245316e-09 1.779873032596390676e-10 2.000000000000000000e+00
3.941747261130176205e-09 4.776269048487776318e-10 1.000000000000000000e+00
4.250176185194080729e-09 5.226708114618234657e-10 1.000000000000000000e+00
7.999559554351655230e-10 1.414861895291214960e-10 2.000000000000000000e+00
8.360894525938355195e-10 1.459735634758739396e-10 2.000000000000000000e+00
9.880876404676449871e-10 1.645215517348699587e-10 2.000000000000000000e+00
3.926811761513467128e-09 4.755314304801039735e-10 1.000000000000000000e+00
4.244886624298182714e-09 5.218679810917914257e-10 1.000000000000000000e+00
1.046620762877657876e-09 1.715517066611068186e-10 2.000000000000000000e+00
3.981804314562925966e-09 4.832840242908276112e-10 1.000000000000000000e+00
3.823582318039841413e-09 4.612470531361463374e-10 1.000000000000000000e+00
4.218513266345803532e-09 5.178818042475925349e-10 1.000000000000000000e+00
4.411136044625478458e-09 5.476563965279677354e-10 1.000000000000000000e+00
1.129815139047466157e-09 1.595589048552984495e-10 3.000000000000000000e+00
3.527872545520788988e-09 4.221026604492793554e-10 1.000000000000000000e+00
1.100404689668440420e-09 1.777185933724100921e-10 2.000000000000000000e+00
3.862634966148091555e-09 4.666107368085054753e-10 1.000000000000000000e+00
1.098194857633872448e-09 1.777060040584111713e-10 2.000000000000000000e+00
9.085725547513220085e-10 1.548783122615745113e-10 2.000000000000000000e+00
4.083395094544570433e-09 4.978810222993204996e-10 1.000000000000000000e+00
4.103959614136863504e-09 5.008808292503362477e-10 1.000000000000000000e+00
4.001957409787951778e-09 4.861508911844139206e-10 1.000000000000000000e+00
4.088528568044991899e-09 4.986284076805889885e-10 1.000000000000000000e+00
1.019966854694694145e-09 1.483055896051235468e-10 3.000000000000000000e+00
1.240998864272409623e-09 1.710633457100188157e-10 3.000000000000000000e+00
1.129179591250679774e-09 1.811302107992865353e-10 2.000000000000000000e+00
4.160931418290460183e-09 5.092734806776202915e-10 1.000000000000000000e+00
8.183258710751567588e-10 1.437718740786468019e-10 2.000000000000000000e+00
8.972352368392075195e-10 1.534932595084254056e-10 2.000000000000000000e+00
4.083395094544570433e-09 4.978810222993204996e-10 1.000000000000000000e+00
1.275226701199292084e-09 1.745874642734021381e-10 3.000000000000000000e+00
1.040931952833024367e-09 1.708706422568432469e-10 2.000000000000000000e+00
4.047604131059098849e-09 4.926966991559633564e-10 1.000000000000000000e+00
3.991870503048725049e-09 4.847142335113491283e-10 1.000000000000000000e+00
3.877366412650616474e-09 4.686466196176138082e-10 1.000000000000000000e+00
1.100193553232201623e-09 1.776935505037214082e-10 2.000000000000000000e+00
1.157184093927803601e-09 1.844416082293289062e-10 2.000000000000000000e+00
4.022193268445950587e-09 4.890437076212706973e-10 1.000000000000000000e+00
4.276698112348325624e-09 5.267132599466476559e-10 1.000000000000000000e+00
4.346228669196980778e-09 5.374487760766210233e-10 1.000000000000000000e+00
4.145332875436407960e-09 5.069634931184400046e-10 1.000000000000000000e+00
1.257969218719843692e-09 1.728114848449002940e-10 3.000000000000000000e+00
1.000087316322189210e-09 1.659671577255211784e-10 2.000000000000000000e+00
8.971918727912053135e-10 1.534879577189963822e-10 2.000000000000000000e+00
1.170651981480645248e-09 1.637959047297507886e-10 3.000000000000000000e+00
4.001957409787951778e-09 4.861508911844139206e-10 1.000000000000000000e+00
8.986261609711846756e-10 1.353987395715977731e-10 3.000000000000000000e+00
4.384007503017351048e-09 5.433677266946343277e-10 1.000000000000000000e+00
4.176575340718175980e-09 5.115995081932762009e-10 1.000000000000000000e+00
4.171355666104468491e-09 5.108223743101355383e-10 1.000000000000000000e+00
4.134959123537620042e-09 5.054323397061016555e-10 1.000000000000000000e+00
1.124836108906897215e-09 1.590412621211920595e-10 3.000000000000000000e+00
5.678346560008942774e-10 1.115924660273521239e-10 2.000000000000000000e+00
4.986607170176852059e-10 1.021863784577041467e-10 2.000000000000000000e+00
9.137077415599982234e-10 1.370163577225453342e-10 3.000000000000000000e+00
4.129779845049191411e-09 5.046693982506415179e-10 1.000000000000000000e+00
4.098810832176200119e-09 5.001283059367096717e-10 1.000000000000000000e+00
3.941747261130176205e-09 4.776269048487776318e-10 1.000000000000000000e+00
4.282017279921177077e-09 5.275274503866025576e-10 1.000000000000000000e+00
4.042511663670038130e-09 4.919627880152506840e-10 1.000000000000000000e+00
1.269441974958184491e-09 1.739923412379625293e-10 3.000000000000000000e+00
1.213338739676321581e-09 1.682100754619539844e-10 3.000000000000000000e+00
1.138587131338549385e-09 1.822434927841100759e-10 2.000000000000000000e+00
8.367296574333403464e-10 1.460527464337699696e-10 2.000000000000000000e+00
1.175884778816881368e-09 1.643377872151503431e-10 3.000000000000000000e+00
7.424384032730492308e-10 1.342657952320722429e-10 2.000000000000000000e+00
3.986834817362542413e-09 4.839983252618897941e-10 1.000000000000000000e+00
3.977029949864762537e-10 8.783443611022205937e-11 2.000000000000000000e+00
4.155726855178426819e-09 5.085017099144751277e-10 1.000000000000000000e+00
4.229047697163346715e-09 5.194707031708249093e-10 1.000000000000000000e+00
4.346228669196980778e-09 5.374487760766210233e-10 1.000000000000000000e+00
1.119126829212629092e-09 1.799395973630509096e-10 2.000000000000000000e+00
1.084691192675604025e-09 1.760978054153190726e-10 2.000000000000000000e+00
1.207898565182125787e-09 1.676482777018114303e-10 3.000000000000000000e+00
1.150008007299913807e-09 1.616558609515939293e-10 3.000000000000000000e+00
4.192264505578623867e-09 5.139417246402020941e-10 1.000000000000000000e+00
4.460265789781437796e-09 5.555066686173144919e-10 1.000000000000000000e+00
1.020917288550641170e-09 1.684708843642546250e-10 2.000000000000000000e+00
1.112217686133744333e-09 1.791203514698865902e-10 2.000000000000000000e+00
1.457968582373539723e-09 1.933176381342552693e-10 3.000000000000000000e+00
9.292212899530382479e-10 1.573940239027742071e-10 2.000000000000000000e+00
3.986834817362542413e-09 4.839983252618897941e-10 1.000000000000000000e+00
8.876469680499000713e-10 1.523196931680676887e-10 2.000000000000000000e+00
3.981804314562925966e-09 4.832840242908276112e-10 1.000000000000000000e+00
1.122888507972141311e-09 1.803853711360636177e-10 2.000000000000000000e+00
9.435422157964197029e-10 1.591338451296445995e-10 2.000000000000000000e+00
1.011256971504289183e-09 1.473866133374961756e-10 3.000000000000000000e+00
1.207898565182125787e-09 1.676482777018114303e-10 3.000000000000000000e+00
4.155726855178426819e-09 5.085017099144751277e-10 1.000000000000000000e+00
4.124605637826896342e-09 5.039082064606593450e-10 1.000000000000000000e+00
4.192264505578623867e-09 5.139417246402020941e-10 1.000000000000000000e+00
3.799345537299485361e-09 4.579422621252362800e-10 1.000000000000000000e+00
4.213253524111591882e-09 5.170901234210616807e-10 1.000000000000000000e+00
8.473894399189644182e-10 1.473699472913719207e-10 2.000000000000000000e+00
9.436600811394960646e-10 1.591481455629660416e-10 2.000000000000000000e+00
4.181800042293389625e-09 5.123784408322888890e-10 1.000000000000000000e+00
1.006690628829015289e-09 1.667614899844264849e-10 2.000000000000000000e+00
3.902023682492701733e-09 4.720699263070105923e-10 1.000000000000000000e+00
1.411078930215126559e-09 1.885212503879743288e-10 3.000000000000000000e+00
9.823344493467829461e-10 1.638276155265939226e-10 2.000000000000000000e+00
3.741715773523733736e-09 4.501562951636536644e-10 1.000000000000000000e+00
4.047604131059098849e-09 4.926966991559633564e-10 1.000000000000000000e+00
8.333449273152137634e-10 1.456339917705374835e-10 2.000000000000000000e+00
4.187029765660109829e-09 5.131591777873675292e-10 1.000000000000000000e+00
3.911923234863736375e-09 4.734499125420701235e-10 1.000000000000000000e+00
1.098754629438295046e-09 1.775228657076235885e-10 2.000000000000000000e+00
7.495939551898750009e-10 1.351697225170315341e-10 2.000000000000000000e+00
1.032276103553362227e-09 1.698335736047779161e-10 2.000000000000000000e+00
8.416635591580346761e-10 1.466627784074968303e-10 2.000000000000000000e+00
3.804182348065547885e-09 4.586003306579865259e-10 1.000000000000000000e+00
4.134959123537620042e-09 5.054323397061016555e-10 1.000000000000000000e+00
1.175884778816881368e-09 1.643377872151503431e-10 3.000000000000000000e+00
1.218809278893911611e-09 1.687747978972124883e-10 3.000000000000000000e+00
1.398020064097017049e-09 1.871846122788439480e-10 3.000000000000000000e+00
1.235404972686739401e-09 1.704867184634038236e-10 3.000000000000000000e+00
1.286893848467835971e-09 1.757872115546935349e-10 3.000000000000000000e+00
1.103588362845958992e-09 1.780966258136711708e-10 2.000000000000000000e+00
7.350213514940878753e-10 1.333271812095190213e-10 2.000000000000000000e+00
3.770435525039025016e-09 4.540238698770812430e-10 1.000000000000000000e+00
1.229842205486190671e-09 1.699130986974871738e-10 3.000000000000000000e+00
1.129815139047466157e-09 1.595589048552984495e-10 3.000000000000000000e+00
3.127841402491816514e-09 3.729660415229740223e-10 1.000000000000000000e+00
7.911376934189536425e-10 1.403855680218220262e-10 2.000000000000000000e+00
1.119884412610192684e-09 1.585262223576903429e-10 3.000000000000000000e+00
5.974615712306028907e-10 1.155366229825629727e-10 2.000000000000000000e+00
1.137673321642941547e-09 1.821354922773601340e-10 2.000000000000000000e+00
5.219061318149986008e-10 1.053806492809765767e-10 2.000000000000000000e+00
7.746504083323318938e-10 1.383218185203877984e-10 2.000000000000000000e+00
4.427470187854289389e-09 5.502543278625543290e-10 1.000000000000000000e+00
4.351611199953551327e-09 5.382883262102496012e-10 1.000000000000000000e+00
1.041706801886322446e-09 1.709634101239548897e-10 2.000000000000000000e+00
4.271383863979237142e-09 5.259009776817009490e-10 1.000000000000000000e+00
4.119436506535588467e-09 5.031487589855966948e-10 1.000000000000000000e+00
1.213338739676321581e-09 1.682100754619539844e-10 3.000000000000000000e+00
3.852840254531151654e-09 4.652609499337260794e-10 1.000000000000000000e+00
9.649301776730467126e-10 1.617250877448805434e-10 2.000000000000000000e+00
1.186437789491409415e-09 1.654299309360602665e-10 3.000000000000000000e+00
3.372684327973345910e-09 4.025029337394507281e-10 1.000000000000000000e+00
4.319388661540705097e-09 5.332807181913333446e-10 1.000000000000000000e+00
4.223777992553869691e-09 5.186753289191726127e-10 1.000000000000000000e+00
1.119884412610192684e-09 1.585262223576903429e-10 3.000000000000000000e+00
7.632917875791925233e-10 1.368953062875092449e-10 2.000000000000000000e+00
1.444380980884403264e-09 1.919281605576834378e-10 3.000000000000000000e+00
1.152532034952178432e-09 1.838920689358945073e-10 2.000000000000000000e+00
1.188310356504525143e-09 1.881134501246364194e-10 2.000000000000000000e+00
1.125114498634984736e-09 1.806487924997714804e-10 2.000000000000000000e+00
8.952304886563259830e-10 1.532481119988269122e-10 2.000000000000000000e+00
7.058949863131865555e-10 1.296227893087127112e-10 2.000000000000000000e+00
5.677265789153748575e-10 1.115779946875152078e-10 2.000000000000000000e+00
1.235404972686739401e-09 1.704867184634038236e-10 3.000000000000000000e+00
1.175884778816881368e-09 1.643377872151503431e-10 3.000000000000000000e+00
3.986834817362542413e-09 4.839983252618897941e-10 1.000000000000000000e+00
4.298004235514730291e-09 5.299815307372739958e-10 1.000000000000000000e+00
3.809024433244602129e-09 4.592598398054944087e-10 1.000000000000000000e+00
1.051325719140488711e-09 1.721144977821525113e-10 2.000000000000000000e+00
3.416362506624550329e-09 4.079589046050697902e-10 1.000000000000000000e+00
7.765284243627362511e-10 1.385573815656206402e-10 2.000000000000000000e+00
8.874753456349534179e-10 1.522986741891803974e-10 2.000000000000000000e+00
1.158008862679200475e-09 1.845394447150195798e-10 2.000000000000000000e+00
1.183718804057295213e-09 1.875723687316977085e-10 2.000000000000000000e+00
4.134959123537620042e-09 5.054323397061016555e-10 1.000000000000000000e+00
1.191758364768048923e-09 1.659802307999336146e-10 3.000000000000000000e+00
3.946736186373440995e-09 4.783285193275474142e-10 1.000000000000000000e+00
3.838187608944555859e-09 4.632473845686157583e-10 1.000000000000000000e+00
1.263689546979488645e-09 1.734003554649946134e-10 3.000000000000000000e+00
4.022193268445950587e-09 4.890437076212706973e-10 1.000000000000000000e+00
1.126024925663034193e-09 1.807565157037777400e-10 2.000000000000000000e+00
4.114272455790628718e-09 5.023910504953307257e-10 1.000000000000000000e+00
4.218513266345803532e-09 5.178818042475925349e-10 1.000000000000000000e+00
8.052381978242906656e-10 1.421444015669573344e-10 2.000000000000000000e+00
4.062912356266494406e-09 4.949084515566013210e-10 1.000000000000000000e+00
7.643785356747603729e-10 1.370319373892922548e-10 2.000000000000000000e+00
4.197504256755592067e-09 5.147260869940844815e-10 1.000000000000000000e+00
3.882287386964451875e-09 4.693282522086784579e-10 1.000000000000000000e+00
4.218513266345803532e-09 5.178818042475925349e-10 1.000000000000000000e+00
4.134959123537620042e-09 5.054323397061016555e-10 1.000000000000000000e+00
4.103959614136863504e-09 5.008808292503362477e-10 1.000000000000000000e+00
4.032342163648389963e-09 4.904999449871904619e-10 1.000000000000000000e+00
9.698933192006078494e-10 1.623251051734853734e-10 2.000000000000000000e+00
9.905281021469198848e-10 1.648156785345412294e-10 2.000000000000000000e+00
4.017126556908123922e-09 4.883180536288312391e-10 1.000000000000000000e+00
1.018201974872750121e-09 1.681449316456014241e-10 2.000000000000000000e+00
1.417664040280645268e-09 1.891951126803256282e-10 3.000000000000000000e+00
1.103505006966754284e-09 1.780867421769196081e-10 2.000000000000000000e+00
3.736947665898405252e-09 4.495165781971288153e-10 1.000000000000000000e+00
1.191758364768048923e-09 1.659802307999336146e-10 3.000000000000000000e+00
8.621508814141758480e-10 1.491892726655813387e-10 2.000000000000000000e+00
4.145332875436407960e-09 5.069634931184400046e-10 1.000000000000000000e+00
4.181800042293389625e-09 5.123784408322888890e-10 1.000000000000000000e+00
1.298692600520385105e-09 1.769997781536365177e-10 3.000000000000000000e+00
3.703719200596154299e-09 4.450770673165983867e-10 1.000000000000000000e+00
3.600978804833768604e-09 4.315506781931319024e-10 1.000000000000000000e+00
8.259711489978130406e-10 1.447204291728484372e-10 2.000000000000000000e+00
1.207898565182125787e-09 1.676482777018114303e-10 3.000000000000000000e+00
3.633390259973196373e-09 4.357858211736580778e-10 1.000000000000000000e+00
1.104175334551861883e-09 1.781662216401655450e-10 2.000000000000000000e+00
1.083650438477889623e-09 1.549955443810412605e-10 3.000000000000000000e+00
1.090093263181686897e-09 1.767414585423612896e-10 2.000000000000000000e+00
3.926811761513467128e-09 4.755314304801039735e-10 1.000000000000000000e+00
1.119163279437616467e-09 1.799439128073544737e-10 2.000000000000000000e+00
4.114272455790628718e-09 5.023910504953307257e-10 1.000000000000000000e+00
3.956729657516826114e-09 4.797364608153455072e-10 1.000000000000000000e+00
4.197504256755592067e-09 5.147260869940844815e-10 1.000000000000000000e+00
1.083650438477889623e-09 1.549955443810412605e-10 3.000000000000000000e+00
6.738111615071559257e-10 1.255062499911726984e-10 2.000000000000000000e+00
4.187029765660109829e-09 5.131591777873675292e-10 1.000000000000000000e+00
1.056825722266933467e-09 1.727721815379342677e-10 2.000000000000000000e+00
1.026737238582363000e-09 1.691693232421489552e-10 2.000000000000000000e+00
1.142422545713303211e-09 1.826972034795976074e-10 2.000000000000000000e+00
9.961835842804574147e-10 1.654970720152081422e-10 2.000000000000000000e+00
4.276698112348325624e-09 5.267132599466476559e-10 1.000000000000000000e+00
3.882287386964451875e-09 4.693282522086784579e-10 1.000000000000000000e+00
3.770435525039025016e-09 4.540238698770812430e-10 1.000000000000000000e+00
8.771210776691074177e-10 1.510292062692771597e-10 2.000000000000000000e+00
1.150008007299913807e-09 1.616558609515939293e-10 3.000000000000000000e+00
4.150527339253077700e-09 5.077317158794709922e-10 1.000000000000000000e+00
4.223777992553869691e-09 5.186753289191726127e-10 1.000000000000000000e+00
4.202749013852608306e-09 5.155122704740109812e-10 1.000000000000000000e+00
1.213338739676321581e-09 1.682100754619539844e-10 3.000000000000000000e+00
1.186437789491409415e-09 1.654299309360602665e-10 3.000000000000000000e+00
4.384007503017351048e-09 5.433677266946343277e-10 1.000000000000000000e+00
4.292670347830521905e-09 5.291615797603061863e-10 1.000000000000000000e+00
1.113283553806199418e-09 1.792466193589393311e-10 2.000000000000000000e+00
7.998120025685789898e-10 1.414682443865770413e-10 2.000000000000000000e+00
6.525599756424114809e-10 1.227571066645422680e-10 2.000000000000000000e+00
1.117360763787069450e-09 1.797299969540259486e-10 2.000000000000000000e+00
3.541476438609355037e-09 4.238500034808022697e-10 1.000000000000000000e+00
3.698993472767725043e-09 4.444483052484653051e-10 1.000000000000000000e+00
3.638041706974530195e-09 4.363960069996068199e-10 1.000000000000000000e+00
1.202488568323777312e-09 1.670893843622338881e-10 3.000000000000000000e+00
1.117299255541894859e-09 1.797227135790329782e-10 2.000000000000000000e+00
1.110120808851572400e-09 1.788719069757376496e-10 2.000000000000000000e+00
4.037424339923651023e-09 4.912305382975012007e-10 1.000000000000000000e+00
4.098810832176200119e-09 5.001283059367096717e-10 1.000000000000000000e+00
4.124605637826896342e-09 5.039082064606593450e-10 1.000000000000000000e+00
8.405406019121759063e-10 1.465240197297866888e-10 2.000000000000000000e+00
7.950417143100952477e-10 1.241616440478101669e-10 3.000000000000000000e+00
1.137992581091975635e-09 1.821732256237106705e-10 2.000000000000000000e+00
1.105191645783278801e-09 1.569965465122571178e-10 3.000000000000000000e+00
3.546021685807810196e-09 4.244349013358521375e-10 1.000000000000000000e+00
1.218809278893911611e-09 1.687747978972124883e-10 3.000000000000000000e+00
9.855486800571448281e-10 1.642154487407908632e-10 2.000000000000000000e+00
1.060944239461470603e-09 1.732642680498550928e-10 2.000000000000000000e+00
3.836834098231135305e-10 8.576833551221525103e-11 2.000000000000000000e+00
3.971758870799025530e-09 4.818602249533998476e-10 1.000000000000000000e+00
4.384007503017351048e-09 5.433677266946343277e-10 1.000000000000000000e+00
3.902023682492701733e-09 4.720699263070105923e-10 1.000000000000000000e+00
9.537848839163056488e-10 1.603757617918110628e-10 2.000000000000000000e+00
9.968311253796075622e-10 1.655750380253220957e-10 2.000000000000000000e+00
1.181146654680403766e-09 1.648824562068917260e-10 3.000000000000000000e+00
9.107171783476798276e-10 1.551399565596016113e-10 2.000000000000000000e+00
4.068025359160820380e-09 4.956490589256580167e-10 1.000000000000000000e+00
8.362101621587061068e-10 1.459884940891533983e-10 2.000000000000000000e+00
4.324746954197829361e-09 5.341103915262468812e-10 1.000000000000000000e+00
1.093433282113043368e-09 1.771391277851259119e-10 2.000000000000000000e+00
4.012065007584797720e-09 4.875940361700037072e-10 1.000000000000000000e+00
4.062912356266494406e-09 4.949084515566013210e-10 1.000000000000000000e+00
8.860882247573415426e-10 1.521287665132354757e-10 2.000000000000000000e+00
4.140143468588351025e-09 5.061970361981291330e-10 1.000000000000000000e+00
6.912916848067460600e-10 1.277539930128962073e-10 2.000000000000000000e+00
9.602705081379583639e-10 1.611612014751433014e-10 2.000000000000000000e+00
9.867241491241976697e-10 1.643571793998625154e-10 2.000000000000000000e+00
1.054455624609083280e-09 1.724888948900275321e-10 2.000000000000000000e+00
4.017126556908123922e-09 4.883180536288312391e-10 1.000000000000000000e+00
4.197504256755592067e-09 5.147260869940844815e-10 1.000000000000000000e+00
3.703719200596154299e-09 4.450770673165983867e-10 1.000000000000000000e+00
1.191758364768048923e-09 1.659802307999336146e-10 3.000000000000000000e+00
4.207998771442083154e-09 5.163002807267685087e-10 1.000000000000000000e+00
1.131824796477915002e-09 1.814435570492276903e-10 2.000000000000000000e+00
1.110120808851572400e-09 1.788719069757376496e-10 2.000000000000000000e+00
1.055763803694952159e-09 1.520721133486324813e-10 3.000000000000000000e+00
4.271383863979237142e-09 5.259009776817009490e-10 1.000000000000000000e+00
1.202488568323777312e-09 1.670893843622338881e-10 3.000000000000000000e+00
3.961734197456648562e-09 4.804427972175530276e-10 1.000000000000000000e+00
3.619467775907796215e-09 4.339630411079323980e-10 1.000000000000000000e+00
1.139855880599723399e-09 1.606020700242105289e-10 3.000000000000000000e+00
1.032353097554337755e-09 1.698428015780417347e-10 2.000000000000000000e+00
4.078266732443238756e-09 4.971353391564413406e-10 1.000000000000000000e+00
1.026976543886154899e-09 1.691980238934283678e-10 2.000000000000000000e+00
3.694273046531362903e-09 4.438208948908000406e-10 1.000000000000000000e+00
3.862634966148091555e-09 4.666107368085054753e-10 1.000000000000000000e+00
4.356998557684894289e-09 5.391298705061641401e-10 1.000000000000000000e+00
1.010686271421554842e-09 1.672419724081911014e-10 2.000000000000000000e+00
3.976778997968952805e-09 4.825713257860396762e-10 1.000000000000000000e+00
1.074253492362590498e-09 1.540114337042833257e-10 3.000000000000000000e+00
1.120356511654686731e-09 1.800851746797331751e-10 2.000000000000000000e+00
1.093150464778295534e-09 1.559894603212091155e-10 3.000000000000000000e+00
3.666061864358218262e-09 4.400846025879830898e-10 1.000000000000000000e+00
3.596369838178463268e-09 4.309507793937926295e-10 1.000000000000000000e+00
4.145332875436407960e-09 5.069634931184400046e-10 1.000000000000000000e+00
3.708450229211684821e-09 4.457071849849448750e-10 1.000000000000000000e+00
4.022193268445950587e-09 4.890437076212706973e-10 1.000000000000000000e+00
4.047604131059098849e-09 4.926966991559633564e-10 1.000000000000000000e+00
8.838593288473893700e-10 1.338107011988047293e-10 3.000000000000000000e+00
6.996194969068159558e-10 1.288207146680474377e-10 2.000000000000000000e+00
3.286907782729431128e-09 3.919195092219714583e-10 1.000000000000000000e+00
1.020556465580654847e-09 1.684275767440313091e-10 2.000000000000000000e+00
4.244886624298182714e-09 5.218679810917914257e-10 1.000000000000000000e+00
1.065408867598802915e-09 1.737976319173661948e-10 2.000000000000000000e+00
4.197504256755592067e-09 5.147260869940844815e-10 1.000000000000000000e+00
3.961734197456648562e-09 4.804427972175530276e-10 1.000000000000000000e+00
3.818724419989628463e-09 4.605831968091822327e-10 1.000000000000000000e+00
3.897081753710067679e-09 4.713822272550625422e-10 1.000000000000000000e+00
4.140143468588351025e-09 5.061970361981291330e-10 1.000000000000000000e+00
4.250176185194080729e-09 5.226708114618234657e-10 1.000000000000000000e+00
9.802411136256466728e-10 1.635750438641140785e-10 2.000000000000000000e+00
3.887213603509331709e-09 4.700113946978042698e-10 1.000000000000000000e+00
7.910302064359830519e-10 1.403721418211491902e-10 2.000000000000000000e+00
4.012065007584797720e-09 4.875940361700037072e-10 1.000000000000000000e+00
1.129037556157776401e-09 1.811134104362088099e-10 2.000000000000000000e+00
1.105191645783278801e-09 1.569965465122571178e-10 3.000000000000000000e+00
3.722675110809655285e-09 4.476057106991089988e-10 1.000000000000000000e+00
3.732184852182505422e-09 4.488782444544942319e-10 1.000000000000000000e+00
4.400270335515552816e-09 5.459347790808691524e-10 1.000000000000000000e+00
1.083650438477889623e-09 1.549955443810412605e-10 3.000000000000000000e+00
4.218513266345803532e-09 5.178818042475925349e-10 1.000000000000000000e+00
1.275226701199292084e-09 1.745874642734021381e-10 3.000000000000000000e+00
9.111854974871872678e-10 1.551970788593929621e-10 2.000000000000000000e+00
4.282017279921177077e-09 5.275274503866025576e-10 1.000000000000000000e+00
1.148300876685774365e-09 1.833920186705494799e-10 2.000000000000000000e+00
1.100347609062317708e-09 1.564917449817665998e-10 3.000000000000000000e+00
1.213338739676321581e-09 1.682100754619539844e-10 3.000000000000000000e+00
3.921843696430683515e-09 4.748360465938585952e-10 1.000000000000000000e+00
4.098810832176200119e-09 5.001283059367096717e-10 1.000000000000000000e+00
1.146523888096296808e-09 1.831821719045670559e-10 2.000000000000000000e+00
8.977969011532773225e-10 1.535619262458165692e-10 2.000000000000000000e+00
7.948306242297489838e-10 1.408467781633552962e-10 2.000000000000000000e+00
4.229047697163346715e-09 5.194707031708249093e-10 1.000000000000000000e+00
3.887213603509331709e-09 4.700113946978042698e-10 1.000000000000000000e+00
3.941747261130176205e-09 4.776269048487776318e-10 1.000000000000000000e+00
3.784866767774174291e-09 4.559766583227350448e-10 1.000000000000000000e+00
3.971758870799025530e-09 4.818602249533998476e-10 1.000000000000000000e+00
4.109113490156259924e-09 5.016350756800868254e-10 1.000000000000000000e+00
8.617491732897516533e-10 1.491398394991977924e-10 2.000000000000000000e+00
3.756051848303516919e-09 4.520837855138295119e-10 1.000000000000000000e+00
1.134228150480638414e-09 1.817277323622481991e-10 2.000000000000000000e+00
1.067668564932138529e-09 1.740673943932846324e-10 2.000000000000000000e+00
4.001957409787951778e-09 4.861508911844139206e-10 1.000000000000000000e+00
1.075488110831130020e-09 1.750005597863833243e-10 2.000000000000000000e+00
1.202488568323777312e-09 1.670893843622338881e-10 3.000000000000000000e+00
1.028771300942917404e-09 1.492335096715863505e-10 3.000000000000000000e+00
1.186437789491409415e-09 1.654299309360602665e-10 3.000000000000000000e+00
8.277908388573820342e-10 1.277402397717459975e-10 3.000000000000000000e+00
9.442516601701412015e-10 1.592199170422620447e-10 2.000000000000000000e+00
1.068997584865871242e-09 1.742260214401575375e-10 2.000000000000000000e+00
3.823582318039841413e-09 4.612470531361463374e-10 1.000000000000000000e+00
4.083395094544570433e-09 4.978810222993204996e-10 1.000000000000000000e+00
9.451299995032487005e-10 1.593264666640512862e-10 2.000000000000000000e+00
4.027265138572783142e-09 4.897710030877089553e-10 1.000000000000000000e+00
4.098810832176200119e-09 5.001283059367096717e-10 1.000000000000000000e+00
3.500808035473142001e-09 4.186407450064140862e-10 1.000000000000000000e+00
1.100347609062317708e-09 1.564917449817665998e-10 3.000000000000000000e+00
8.533053883058922935e-10 1.480997385095344185e-10 2.000000000000000000e+00
1.144917934516437054e-09 1.611276282300373428e-10 3.000000000000000000e+00
9.243289844179343846e-10 1.567987060360238774e-10 2.000000000000000000e+00
4.324746954197829361e-09 5.341103915262468812e-10 1.000000000000000000e+00
4.098810832176200119e-09 5.001283059367096717e-10 1.000000000000000000e+00
4.319388661540705097e-09 5.332807181913333446e-10 1.000000000000000000e+00
1.107318377478471919e-09 1.785393002794791723e-10 2.000000000000000000e+00
9.805645631187496888e-10 1.636140745533748638e-10 2.000000000000000000e+00
9.498761639475069787e-10 1.599021215531691649e-10 2.000000000000000000e+00
4.234322374477796585e-09 5.202679327598866510e-10 1.000000000000000000e+00
1.186437789491409415e-09 1.654299309360602665e-10 3.000000000000000000e+00
4.083395094544570433e-09 4.978810222993204996e-10 1.000000000000000000e+00
9.621143406317087325e-10 1.613843146425616919e-10 2.000000000000000000e+00
1.082009331999034547e-09 1.757782209491014960e-10 2.000000000000000000e+00
3.429568967282505657e-09 4.096176985842351130e-10 1.000000000000000000e+00
3.064297927519400877e-10 7.396636996412172836e-11 2.000000000000000000e+00
7.936902974905601197e-10 1.407044436505929858e-10 2.000000000000000000e+00
1.304641837158643573e-09 1.776109260969598359e-10 3.000000000000000000e+00
3.746489173917991614e-09 4.507973993575426558e-10 1.000000000000000000e+00
3.684848101987711665e-09 4.425701138175371443e-10 1.000000000000000000e+00
1.391545856939638923e-09 1.865217822909866045e-10 3.000000000000000000e+00
3.941747261130176205e-09 4.776269048487776318e-10 1.000000000000000000e+00
4.001957409787951778e-09 4.861508911844139206e-10 1.000000000000000000e+00
1.156526306578902209e-09 1.843639914324263273e-10 2.000000000000000000e+00
1.068545686407905766e-09 1.741720870507545365e-10 2.000000000000000000e+00
3.902023682492701733e-09 4.720699263070105923e-10 1.000000000000000000e+00
3.882287386964451875e-09 4.693282522086784579e-10 1.000000000000000000e+00
8.721976946038456441e-10 1.504246594549977435e-10 2.000000000000000000e+00
5.248094958644001156e-10 1.057770515204695047e-10 2.000000000000000000e+00
4.255470695582742417e-09 5.234755204238579281e-10 1.000000000000000000e+00
4.335478116375686955e-09 5.357756331188924172e-10 1.000000000000000000e+00
4.109113490156259924e-09 5.016350756800868254e-10 1.000000000000000000e+00
4.088528568044991899e-09 4.986284076805889885e-10 1.000000000000000000e+00
3.951730319494871550e-09 4.790317030871253893e-10 1.000000000000000000e+00
3.887213603509331709e-09 4.700113946978042698e-10 1.000000000000000000e+00
8.078738089524112584e-10 1.424724669724868187e-10 2.000000000000000000e+00
1.002057663787710969e-09 1.662042493445498531e-10 2.000000000000000000e+00
1.229842205486190671e-09 1.699130986974871738e-10 3.000000000000000000e+00
3.425161526234624821e-09 4.090636264749713405e-10 1.000000000000000000e+00
1.044318816480102149e-09 1.712760678381899082e-10 2.000000000000000000e+00
1.037671481321498341e-09 1.501704906401140226e-10 3.000000000000000000e+00
3.946736186373440995e-09 4.783285193275474142e-10 1.000000000000000000e+00
1.144524964210776001e-09 1.829460778068565290e-10 2.000000000000000000e+00
3.966743936248095342e-09 4.811507170166962344e-10 1.000000000000000000e+00
1.359718168353591548e-09 1.832614616983208455e-10 3.000000000000000000e+00
1.444380980884403264e-09 1.919281605576834378e-10 3.000000000000000000e+00
1.034294365516818785e-09 1.700754401433563198e-10 2.000000000000000000e+00
4.250176185194080729e-09 5.226708114618234657e-10 1.000000000000000000e+00
4.234322374477796585e-09 5.202679327598866510e-10 1.000000000000000000e+00
1.064958363247888843e-09 1.530369990623514546e-10 3.000000000000000000e+00
1.155126272863343439e-09 1.621867864579361863e-10 3.000000000000000000e+00
3.789687745557261813e-09 4.566304301316437333e-10 1.000000000000000000e+00
4.103959614136863504e-09 5.008808292503362477e-10 1.000000000000000000e+00
4.057804481291712722e-09 4.941695258634481543e-10 1.000000000000000000e+00
1.073165338992704170e-09 1.747235017731543353e-10 2.000000000000000000e+00
1.304641837158643573e-09 1.776109260969598359e-10 3.000000000000000000e+00
9.514237177229963897e-10 1.600896805110483214e-10 2.000000000000000000e+00
8.118460048772137565e-10 1.429666727875926950e-10 2.000000000000000000e+00
6.608588886170275818e-10 1.238329173371678626e-10 2.000000000000000000e+00
4.114272455790628718e-09 5.023910504953307257e-10 1.000000000000000000e+00
7.253398159814671702e-10 1.320991310971307631e-10 2.000000000000000000e+00
8.552397973662410830e-10 1.307204998625398429e-10 3.000000000000000000e+00
4.001957409787951778e-09 4.861508911844139206e-10 1.000000000000000000e+00
4.171355666104468491e-09 5.108223743101355383e-10 1.000000000000000000e+00
1.310624587936866117e-09 1.782253481612593428e-10 3.000000000000000000e+00
3.902023682492701733e-09 4.720699263070105923e-10 1.000000000000000000e+00
8.838593288473893700e-10 1.338107011988047293e-10 3.000000000000000000e+00
1.235404972686739401e-09 1.704867184634038236e-10 3.000000000000000000e+00
1.021457190677317613e-09 1.685356822148383171e-10 2.000000000000000000e+00
4.129779845049191411e-09 5.046693982506415179e-10 1.000000000000000000e+00
3.398827882908393921e-09 4.057630627442115794e-10 1.000000000000000000e+00
4.145332875436407960e-09 5.069634931184400046e-10 1.000000000000000000e+00
3.727427333461828740e-09 4.482412899467117352e-10 1.000000000000000000e+00
4.155726855178426819e-09 5.085017099144751277e-10 1.000000000000000000e+00
4.129779845049191411e-09 5.046693982506415179e-10 1.000000000000000000e+00
1.019930072421325896e-09 1.683523895061717418e-10 2.000000000000000000e+00
9.907891871046552275e-10 1.648471389157840836e-10 2.000000000000000000e+00
3.765635679179389294e-09 4.533757689847876020e-10 1.000000000000000000e+00
3.991870503048725049e-09 4.847142335113491283e-10 1.000000000000000000e+00
1.025274411756058032e-09 1.689938632552180379e-10 2.000000000000000000e+00
1.019966854694694145e-09 1.483055896051235468e-10 3.000000000000000000e+00
9.571094982270856596e-10 1.607785605539583926e-10 2.000000000000000000e+00
1.113795066660820326e-09 1.793072110435979225e-10 2.000000000000000000e+00
3.614837567681979393e-09 4.333580279776509909e-10 1.000000000000000000e+00
1.088985198890002717e-09 1.766095002444200775e-10 2.000000000000000000e+00
1.116823191785995459e-09 1.796663399999107344e-10 2.000000000000000000e+00
3.857734983616912504e-09 4.659350994670489119e-10 1.000000000000000000e+00
3.986834817362542413e-09 4.839983252618897941e-10 1.000000000000000000e+00
1.347236553085384852e-09 1.819819697266046465e-10 3.000000000000000000e+00
1.027280207598650529e-09 1.692344420333549583e-10 2.000000000000000000e+00
9.229209683353231427e-10 1.566273281901730767e-10 2.000000000000000000e+00
1.252280792801907592e-09 1.722257074625087009e-10 3.000000000000000000e+00
5.131370264891087688e-10 1.041798515656519074e-10 2.000000000000000000e+00
4.213253524111591882e-09 5.170901234210616807e-10 1.000000000000000000e+00
1.143881627448181524e-09 1.828695718441667685e-10 2.000000000000000000e+00
1.168917746339026655e-09 1.858270150808620314e-10 2.000000000000000000e+00
1.229842205486190671e-09 1.699130986974871738e-10 3.000000000000000000e+00
1.069383769361650581e-09 1.742721107141135009e-10 2.000000000000000000e+00
4.022193268445950587e-09 4.890437076212706973e-10 1.000000000000000000e+00
9.263500354432328012e-10 1.570446309406897276e-10 2.000000000000000000e+00
3.809024433244602129e-09 4.592598398054944087e-10 1.000000000000000000e+00
4.282017279921177077e-09 5.275274503866025576e-10 1.000000000000000000e+00
4.037424339923651023e-09 4.912305382975012007e-10 1.000000000000000000e+00
1.164205416164616951e-09 1.852708877302850361e-10 2.000000000000000000e+00
6.753176124239468065e-10 1.257003940686227978e-10 2.000000000000000000e+00
4.187029765660109829e-09 5.131591777873675292e-10 1.000000000000000000e+00
1.197108563134374916e-09 1.665333753637052493e-10 3.000000000000000000e+00
1.068373714012242546e-09 1.741515613280014668e-10 2.000000000000000000e+00
1.074253492362590498e-09 1.540114337042833257e-10 3.000000000000000000e+00
4.229047697163346715e-09 5.194707031708249093e-10 1.000000000000000000e+00
4.202749013852608306e-09 5.155122704740109812e-10 1.000000000000000000e+00
3.862634966148091555e-09 4.666107368085054753e-10 1.000000000000000000e+00
1.031474610373821342e-09 1.697375069876030850e-10 2.000000000000000000e+00
1.310624587936866117e-09 1.782253481612593428e-10 3.000000000000000000e+00
7.168435182550376236e-10 1.310187298017293638e-10 2.000000000000000000e+00
1.050026081464046667e-09 1.719590701189131191e-10 2.000000000000000000e+00
9.772714607760659867e-10 1.632164499974119446e-10 2.000000000000000000e+00
7.331680659131506577e-10 1.330922766604290901e-10 2.000000000000000000e+00
3.732184852182505422e-09 4.488782444544942319e-10 1.000000000000000000e+00
9.005007580594782443e-10 1.538923939842819627e-10 2.000000000000000000e+00
3.780051070766696339e-09 4.553243104323158701e-10 1.000000000000000000e+00
5.856620173569007154e-10 1.139713097415518784e-10 2.000000000000000000e+00
1.316641059641693153e-09 1.788430678766550794e-10 3.000000000000000000e+00
3.961734197456648562e-09 4.804427972175530276e-10 1.000000000000000000e+00
9.795296326463420997e-10 1.634891831091695096e-10 2.000000000000000000e+00
3.857734983616912504e-09 4.659350994670489119e-10 1.000000000000000000e+00
1.142423067167143283e-09 1.826972650854227006e-10 2.000000000000000000e+00
7.785487536361914462e-10 1.388105437665240981e-10 2.000000000000000000e+00
7.433542451598168893e-10 1.343815522485430069e-10 2.000000000000000000e+00
4.062912356266494406e-09 4.949084515566013210e-10 1.000000000000000000e+00
9.088672414139573046e-10 1.549142697270534111e-10 2.000000000000000000e+00
1.430946751411839835e-09 1.905540610552289776e-10 3.000000000000000000e+00
3.877366412650616474e-09 4.686466196176138082e-10 1.000000000000000000e+00
4.150527339253077700e-09 5.077317158794709922e-10 1.000000000000000000e+00
6.407302613072948922e-10 1.212184870566663777e-10 2.000000000000000000e+00
1.075503240805539724e-09 1.750023642489299865e-10 2.000000000000000000e+00
1.129815139047466157e-09 1.595589048552984495e-10 3.000000000000000000e+00
7.320180022661086490e-10 1.329465196964777045e-10 2.000000000000000000e+00
3.991870503048725049e-09 4.847142335113491283e-10 1.000000000000000000e+00
4.098810832176200119e-09 5.001283059367096717e-10 1.000000000000000000e+00
1.064958363247888843e-09 1.530369990623514546e-10 3.000000000000000000e+00
1.292776672427971770e-09 1.763918810106675195e-10 3.000000000000000000e+00
4.027265138572783142e-09 4.897710030877089553e-10 1.000000000000000000e+00
3.966743936248095342e-09 4.811507170166962344e-10 1.000000000000000000e+00
1.197108563134374916e-09 1.665333753637052493e-10 3.000000000000000000e+00
3.976778997968952805e-09 4.825713257860396762e-10 1.000000000000000000e+00
3.847950781015380223e-09 4.645882838391368032e-10 1.000000000000000000e+00
1.235404972686739401e-09 1.704867184634038236e-10 3.000000000000000000e+00
4.093667148696972894e-09 4.993775004899038342e-10 1.000000000000000000e+00
1.292776672427971770e-09 1.763918810106675195e-10 3.000000000000000000e+00
3.732184852182505422e-09 4.488782444544942319e-10 1.000000000000000000e+00
1.181146654680403766e-09 1.648824562068917260e-10 3.000000000000000000e+00
3.799345537299485361e-09 4.579422621252362800e-10 1.000000000000000000e+00
1.055763803694952159e-09 1.520721133486324813e-10 3.000000000000000000e+00
1.252280792801907592e-09 1.722257074625087009e-10 3.000000000000000000e+00
1.097158788452785497e-09 1.773335383485412722e-10 2.000000000000000000e+00
1.116443203663777848e-09 1.796213414735182373e-10 2.000000000000000000e+00
1.240998864272409623e-09 1.710633457100188157e-10 3.000000000000000000e+00
1.138420836471514586e-09 1.822238395337909889e-10 2.000000000000000000e+00
1.038845414836509956e-09 1.706207915478267777e-10 2.000000000000000000e+00
4.088528568044991899e-09 4.986284076805889885e-10 1.000000000000000000e+00
9.932849555377957707e-10 1.651479843025836430e-10 2.000000000000000000e+00
